xmin:-91.64999999999999
ymin:21.9
zmin:-133.04999999999998
xmax:-38.85
ymax:67.2
zmax:-111.89999999999999
