xmin:-66.89999999999999
ymin:26.099999999999998
xmax:-14.549999999999999
ymax:75.45
