xmin:-67.35
ymin:24.75
zmin:-126.89999999999999
xmax:-14.85
ymax:75.89999999999999
zmax:-98.55
